callibration:
0.96 : M 104.655,102.606 H 90.7087
1.06 : M 97.6819,473.797 H 90.7087

0 0.5:
90.7087,239.374 
-1.196 
-1.472 
-1.836 
-1.4   
-2.365 
-1.837 
-2.201 
-2.407 
-3.059 
-1.675 
-2.436 
-2.356 
-1.487 
-2.883 
-0.115 
-1.308 
-0.681 
-0.439 
0.897  
1.185  
3.74   
2.522  
6.473  
1.111  
9.074  
7.992  
10.956 
7.565  
16.311 
12.709 
21.179 
12.031 
21.317 
21.78  
26.326 
29.2   

0.5 1.0:
90.7087,239.427 h 24.0703 
-1.228 
-1.419 
-1.436 
-2.638 
-1.342 
-2.75  
-1.86  
-2.231 
-3.196 
-2.347 
-2.716 
-2.309 
-2.193 
-2.846 
-0.522 
-2.93  
-1.31  
-0.729 
-1.009 
1.688  
-2.381 
3.544  
0.49   
3.134  
2.382  
6.021  
2.914  
6.482  
7.843  
4.022  
12.043 
7.894  
10.128 
10.28  

1.0 1.5:
90.7087,239.264 h 24.0703 
-1.966   
-0.151   
-2.522   
-1.708   
-2.442   
-2.791   
-2.008   
-3.224   
-2.583   
-3.744   
-1.475   
-4.118   
-2.657   
-3.391   
-2.664   
-4.225   
-2.974   
-1.467  V 190.3 
-4.541 
-1.16  
-2.72  
-1.138 
-3.05  
-0.132 
-2.248 
0.889  
-0.276 
-4.76  
2.044  
0.711  

1.5 2.0
90.7087,238.113 h 24.0703 
-2.19  
0.117  
-2.774 
-3.143 
0.123  
-3.483 
-3.932 
-4.199 
-2.304 
-4.634 
-0.774 
-8.247 
-3.867 
-2.093 
-4.552 
-5.458 
-4.285 
-5.975 
-3.562 
-4.76  
-5.465 
-4.3   
-6.183 
-4.72  
-4.093 
-3.915 
-8.52  
-2.929 
-5.161 

2.0 2.5
90.7087,238.759 h 24.0703 
-1.716
-2.533
-2.869
-2.911
0.045 
-7.596
1.216 
-6.086
-8.392
-2.256
-4.41 
-2.987
-4.707
-6.428
-6.466
-7.053
-3.688
-7.396
-3.955
-7.335
-5.484
-6.689
-8.849
-8.984
-4.999 V 105.86 
-7.8483 
