0.0 0.5  114.000 133.000         0.998688033039616
0.0 0.5  133.000 153.000         0.998349716419388
0.0 0.5  153.000 174.000         0.997933326732953
0.0 0.5  174.000 196.000         0.997413971118623
0.0 0.5  196.000 220.000         0.997017948319025
0.0 0.5  220.000 245.000         0.996348952661132
0.0 0.5  245.000 272.000         0.995829314173373
0.0 0.5  272.000 300.000         0.995206709757719
0.0 0.5  300.000 330.000         0.994525833415838
0.0 0.5  330.000 362.000         0.993660523598716
0.0 0.5  362.000 395.000         0.993186710606339
0.0 0.5  395.000 430.000         0.992497630935038
0.0 0.5  430.000 468.000         0.991831181138
0.0 0.5  468.000 507.000         0.991410548350141
0.0 0.5  507.000 548.000         0.990595024256396
0.0 0.5  548.000 592.000         0.990562493812144
0.0 0.5  592.000 638.000         0.990192495367948
0.0 0.5  638.000 686.000         0.989999858563286
0.0 0.5  686.000 737.000         0.989875677128269
0.0 0.5  737.000 790.000         0.99012941459344
0.0 0.5  790.000 846.000         0.990464619605957
0.0 0.5  846.000 905.000         0.991522566227741
0.0 0.5  905.000 967.000         0.992235973013875
0.0 0.5  967.000 1032.000        0.994067012715161
0.0 0.5  1032.000 1101.000       0.994381285093985
0.0 0.5  1101.000 1172.000       0.996948078582238
0.0 0.5  1172.000 1248.000       0.999208803021088
0.0 0.5  1248.000 1327.000       1.00230796430137
0.0 0.5  1327.000 1410.000       1.00444790178635
0.0 0.5  1410.000 1497.000       1.00906185027509
0.0 0.5  1497.000 1588.000       1.01265688867516
0.0 0.5  1588.000 1684.000       1.0186478650128
0.0 0.5  1684.000 1784.000       1.02205111522849
0.0 0.5  1784.000 1890.000       1.02808112809923
0.0 0.5  1890.000 2000.000       1.03424211136727
     
0.5 1.0  114.000 133.000         0.998703025331315
0.5 1.0  133.000 153.000         0.998355656761382
0.5 1.0  153.000 174.000         0.997954259366646
0.5 1.0  174.000 196.000         0.99754805312363
0.5 1.0  196.000 220.000         0.996801833019815
0.5 1.0  220.000 245.000         0.996422216879057
0.5 1.0  245.000 272.000         0.995644314951275
0.5 1.0  272.000 300.000         0.995118170374666
0.5 1.0  300.000 330.000         0.994487079756163
0.5 1.0  330.000 362.000         0.993583016279366
0.5 1.0  362.000 395.000         0.992919112343182
0.5 1.0  395.000 430.000         0.992150828111961
0.5 1.0  430.000 468.000         0.991497673366052
0.5 1.0  468.000 507.000         0.990877331937824
0.5 1.0  507.000 548.000         0.990072274160927
0.5 1.0  548.000 592.000         0.989924614231362
0.5 1.0  592.000 638.000         0.989095795086488
0.5 1.0  638.000 686.000         0.988725230895436
0.5 1.0  686.000 737.000         0.988519016166216
0.5 1.0  737.000 790.000         0.988233596877077
0.5 1.0  790.000 846.000         0.988711087224022
0.5 1.0  846.000 905.000         0.988037565591276
0.5 1.0  905.000 967.000         0.989040069021116
0.5 1.0  967.000 1032.000        0.989178677000976
0.5 1.0  1032.000 1101.000       0.99006520232522
0.5 1.0  1101.000 1172.000       0.990739006831393
0.5 1.0  1172.000 1248.000       0.992442187743094
0.5 1.0  1248.000 1327.000       0.993266480913115
0.5 1.0  1327.000 1410.000       0.995100066475256
0.5 1.0  1410.000 1497.000       0.997318642773291
0.5 1.0  1497.000 1588.000       0.998456359701851
0.5 1.0  1588.000 1684.000       1.00186300439868
0.5 1.0  1684.000 1784.000       1.00409600724156

1.0 1.5  114.000 133.000             0.998656916962505
1.0 1.5  133.000 153.000             0.998100787802498
1.0 1.5  153.000 174.000             0.998058073914827
1.0 1.5  174.000 196.000             0.997344667128693
1.0 1.5  196.000 220.000             0.996861519313183
1.0 1.5  220.000 245.000             0.996170742401313
1.0 1.5  245.000 272.000             0.99538124266297
1.0 1.5  272.000 300.000             0.994813232818975
1.0 1.5  300.000 330.000             0.993901248886186
1.0 1.5  330.000 362.000             0.993170586820927
1.0 1.5  362.000 395.000             0.99211150870543
1.0 1.5  395.000 430.000             0.99169427039871
1.0 1.5  430.000 468.000             0.990529397621034
1.0 1.5  468.000 507.000             0.989777802922082
1.0 1.5  507.000 548.000             0.98881857912677
1.0 1.5  548.000 592.000             0.98806500431382
1.0 1.5  592.000 638.000             0.986869864079318
1.0 1.5  638.000 686.000             0.9860285985036
1.0 1.5  686.000 737.000             0.985613623184306
1.0 1.5  737.000 790.000             0.984806302419982
1.0 1.5  790.000 846.000             0.983521774182142
1.0 1.5  846.000 905.000             0.983193641005332
1.0 1.5  905.000 967.000             0.982424225280398
1.0 1.5  967.000 1032.000            0.98210231531901
1.0 1.5  1032.000 1101.000           0.981239551362743
1.0 1.5  1101.000 1172.000           0.981202212070209
1.0 1.5  1172.000 1248.000           0.980566312603426
1.0 1.5  1248.000 1327.000           0.98081778708117
1.0 1.5  1327.000 1410.000           0.980739714014964

1.5 2.0  114.000 133.000        0.99833132964655
1.5 2.0  133.000 153.000        0.997711836838607
1.5 2.0  153.000 174.000        0.997744933029716
1.5 2.0  174.000 196.000        0.996960242139655
1.5 2.0  196.000 220.000        0.996071170954556
1.5 2.0  220.000 245.000        0.996105964386235
1.5 2.0  245.000 272.000        0.99512071623552
1.5 2.0  272.000 300.000        0.994008457915506
1.5 2.0  300.000 330.000        0.992820672390139
1.5 2.0  330.000 362.000        0.992168932011371
1.5 2.0  362.000 395.000        0.990858096544701
1.5 2.0  395.000 430.000        0.990639152511209
1.5 2.0  430.000 468.000        0.988306295348146
1.5 2.0  468.000 507.000        0.98721242380097
1.5 2.0  507.000 548.000        0.986620369715571
1.5 2.0  548.000 592.000        0.98533272987002
1.5 2.0  592.000 638.000        0.983788806698443
1.5 2.0  638.000 686.000        0.982576694058244
1.5 2.0  686.000 737.000        0.980886525324244
1.5 2.0  737.000 790.000        0.979878930172694
1.5 2.0  790.000 846.000        0.97853245265406
1.5 2.0  846.000 905.000        0.976986549368485
1.5 2.0  905.000 967.000        0.975770193626862
1.5 2.0  967.000 1032.000       0.974021187219778
1.5 2.0  1032.000 1101.000      0.972686024638275
1.5 2.0  1101.000 1172.000      0.971528223696307
1.5 2.0  1172.000 1248.000      0.970420774224573
                                     
2.0 2.5  114.000 133.000        0.998514065881222         
2.0 2.5  133.000 153.000        0.998028655078285    
2.0 2.5  153.000 174.000        0.99731213668444     
2.0 2.5  174.000 196.000        0.996500572818692    
2.0 2.5  196.000 220.000        0.995677128268956    
2.0 2.5  220.000 245.000        0.995689857573229    
2.0 2.5  245.000 272.000        0.99354115101198     
2.0 2.5  272.000 300.000        0.993885125100774    
2.0 2.5  300.000 330.000        0.992163557416234    
2.0 2.5  330.000 362.000        0.98978968360607     
2.0 2.5  362.000 395.000        0.989151521151861    
2.0 2.5  395.000 430.000        0.987904049333126    
2.0 2.5  430.000 468.000        0.98705910640284     
2.0 2.5  468.000 507.000        0.985727621175905    
2.0 2.5  507.000 548.000        0.983909310778892    
2.0 2.5  548.000 592.000        0.982080251191604    
2.0 2.5  592.000 638.000        0.980085144901914    
2.0 2.5  638.000 686.000        0.9790419076984      
2.0 2.5  686.000 737.000        0.976949775822808    
2.0 2.5  737.000 790.000        0.975831011413943    
2.0 2.5  790.000 846.000        0.973756134817476    
2.0 2.5  846.000 905.000        0.972204856936764    
2.0 2.5  905.000 967.000        0.970312716574968    
2.0 2.5  967.000 1032.000       0.967809569608079    
