0.0 0.5 56	74	1
0.0 0.5 74	97	1
0.0	0.5	97	133	0.812995
0.0	0.5	133	174	0.805957
0.0	0.5	174	220	0.810952
0.0	0.5	220	272	0.849528
0.0	0.5	272	330	0.844987
0.0	0.5	330	395	0.881213
0.0	0.5	395	468	0.882813
0.0	0.5	468	548	0.883302
0.0	0.5	548	638	0.884378
0.0	0.5	638	737	0.888134
0.0	0.5	737	846	0.885987
0.0	0.5	846	967	0.887341
0.0	0.5	967	1101	0.888387
0.0	0.5	1101	1248	0.891931
0.0	0.5	1248	1410	0.89218
0.0	0.5	1410	1588	0.87322
0.0	0.5	1588	1784	0.901557
0.0	0.5	1784	2000	0.8975
0.0	0.5	2000	2238	0.863799
0.0	0.5	2238	2500	0.8482
0.0	0.5	2500	2787	0.877452
0.0	0.5	2787	3103	1.05159
0.0 0.5 3103	3450	1
0.0 0.5 3450	3832	1
0.5 1.0 56	74	1
0.5 1.0 74	97	1
0.5	1.0	97	133	0.779777
0.5	1.0	133	174	0.755749
0.5	1.0	174	220	0.819102
0.5	1.0	220	272	0.850483
0.5	1.0	272	330	0.858576
0.5	1.0	330	395	0.887359
0.5	1.0	395	468	0.891882
0.5	1.0	468	548	0.890012
0.5	1.0	548	638	0.89209
0.5	1.0	638	737	0.893724
0.5	1.0	737	846	0.894869
0.5	1.0	846	967	0.886457
0.5	1.0	967	1101	0.890067
0.5	1.0	1101	1248	0.873849
0.5	1.0	1248	1410	0.875871
0.5	1.0	1410	1588	0.862924
0.5	1.0	1588	1784	0.845183
0.5	1.0	1784	2000	0.867192
0.5	1.0	2000	2238	0.798635
0.5	1.0	2238	2500	0.716432
0.5	1.0	2500	2787	1.06236
0.5	1.0	2787	3103	1
0.5 1.0 3103	3450	1
1.0 1.5 56	74	1
1.0 1.5 74	97	1
1.0	1.5	97	133	0.801819
1.0	1.5	133	174	0.816405
1.0	1.5	174	220	0.831065
1.0	1.5	220	272	0.870686
1.0	1.5	272	330	0.880514
1.0	1.5	330	395	0.908445
1.0	1.5	395	468	0.908981
1.0	1.5	468	548	0.915592
1.0	1.5	548	638	0.904015
1.0	1.5	638	737	0.921375
1.0	1.5	737	846	0.912857
1.0	1.5	846	967	0.917503
1.0	1.5	967	1101	0.910867
1.0	1.5	1101	1248	0.897024
1.0	1.5	1248	1410	0.905134
1.0	1.5	1410	1588	0.87933
1.0	1.5	1588	1784	0.942505
1.0	1.5	1784	2000	0.921039
1.0	1.5	2000	2238	0.811892
1.0	1.5	2238	2500	1.96025
1.0	1.5	2500	2787	1
1.0	1.5	2787	3103	1
1.5 2.0 56	74	1
1.5 2.0 74	97	1
1.5	2.0	97	133	0.814844
1.5	2.0	133	174	0.821202
1.5	2.0	174	220	0.848391
1.5	2.0	220	272	0.901492
1.5	2.0	272	330	0.897477
1.5	2.0	330	395	0.920299
1.5	2.0	395	468	0.91895
1.5	2.0	468	548	0.918727
1.5	2.0	548	638	0.924797
1.5	2.0	638	737	0.928543
1.5	2.0	737	846	0.937183
1.5	2.0	846	967	0.953682
1.5	2.0	967	1101	0.967522
1.5	2.0	1101	1248	0.991794
1.5	2.0	1248	1410	1.06372
1.5	2.0	1410	1588	1.06823
1.5	2.0	1588	1784	0.87612
1.5	2.0	1784	2000	1
1.5	2.0	2000	2238	1
2.0 2.5 56	74	1
2.0 2.5 74	97	1
2.0	2.5	97	133	1.05635
2.0	2.5	133	174	1.02132
2.0	2.5	174	220	1.11445
2.0	2.5	220	272	1.14531
2.0	2.5	272	330	1.1727
2.0	2.5	330	395	1.1833
2.0	2.5	395	468	1.1925
2.0	2.5	468	548	1.18082
2.0	2.5	548	638	1.20463
2.0	2.5	638	737	1.1996
2.0	2.5	737	846	1.22662
2.0	2.5	846	967	1.24352
2.0	2.5	967	1101	1.26606
2.0	2.5	1101	1248	1.13824
2.0	2.5	1248	1410	1
2.0	2.5	1410	1588	1
2.0	2.5	1588	1784	1
2.0	2.5	1784.0	2000.0	1.0000
