         0        0.5         56         74            1            0           -0
         0        0.5         74         97     0.962441      6.51515     -6.51515
         0        0.5         97        133     0.966572      5.18358     -5.18358
         0        0.5        133        174     0.969842      4.12797     -4.12797
         0        0.5        174        220     0.972074      3.40723     -3.40723
         0        0.5        220        272     0.973684      2.89276     -2.89276
         0        0.5        272        330     0.974913      2.51278     -2.51278
         0        0.5        330        395     0.975904      2.22476     -2.22476
         0        0.5        395        468     0.976758      1.99938     -1.99938
         0        0.5        468        548     0.977535      1.81955     -1.81955
         0        0.5        548        638     0.978283      1.67101     -1.67101
         0        0.5        638        737     0.979041      1.54322     -1.54322
         0        0.5        737        846     0.979828      1.42979     -1.42979
         0        0.5        846        967      0.98067      1.32406     -1.32406
         0        0.5        967       1101     0.981587      1.22102     -1.22102
         0        0.5       1101       1248     0.982589      1.11738     -1.11738
         0        0.5       1248       1410     0.983687      1.01018     -1.01018
         0        0.5       1410       1588     0.984894      0.89657     -0.89657
         0        0.5       1588       1784     0.986218     0.774251    -0.774251
         0        0.5       1784       2000     0.987671     0.640936    -0.640936
         0        0.5       2000       2238     0.989266     0.494655    -0.494655
         0        0.5       2238       2500     0.991009     0.333707    -0.333707
         0        0.5       2500       2787     0.992907     0.156946    -0.156946
         0        0.5       2787       3103     0.994967   -0.0371198    0.0371198
         0        0.5       3103       3450     0.997202    -0.250165     0.250165
         0        0.5       3450       3832            1            0           -0
       0.5          1         56         74            1            0           -0
       0.5          1         74         97     0.965781      5.73577     -5.73577
       0.5          1         97        133     0.969104      4.77513     -4.77513
       0.5          1        133        174     0.971779      3.96306     -3.96306
       0.5          1        174        220     0.973672      3.36836     -3.36836
       0.5          1        220        272     0.975109      2.91331     -2.91331
       0.5          1        272        330     0.976273      2.55359     -2.55359
       0.5          1        330        395     0.977272      2.26278     -2.26278
       0.5          1        395        468     0.978182      2.02166     -2.02166
       0.5          1        468        548     0.979043       1.8201      -1.8201
       0.5          1        548        638     0.979894      1.64852     -1.64852
       0.5          1        638        737     0.980762      1.49972     -1.49972
       0.5          1        737        846      0.98166      1.37001     -1.37001
       0.5          1        846        967     0.982607      1.25454     -1.25454
       0.5          1        967       1101     0.983621      1.14984     -1.14984
       0.5          1       1101       1248     0.984706      1.05393     -1.05393
       0.5          1       1248       1410     0.985871     0.964842    -0.964842
       0.5          1       1410       1588     0.987125     0.880627    -0.880627
       0.5          1       1588       1784     0.988474     0.799771    -0.799771
       0.5          1       1784       2000     0.989929     0.720825    -0.720825
       0.5          1       2000       2238     0.991498     0.642612    -0.642612
       0.5          1       2238       2500     0.993187     0.564146    -0.564146
       0.5          1       2500       2787     0.994998     0.484713    -0.484713
       0.5          1       2787       3103     0.996937      0.40345     -0.40345
       0.5          1       3103       3450     0.999014     0.319468    -0.319468
         1        1.5         56         74            1            0           -0
         1        1.5         74         97     0.971297      5.84878     -5.84878
         1        1.5         97        133     0.972653      4.87849     -4.87849
         1        1.5        133        174     0.974276      4.04457     -4.04457
         1        1.5        174        220     0.975837      3.42442     -3.42442
         1        1.5        220        272     0.977318      2.94385     -2.94385
         1        1.5        272        330     0.978715      2.56018     -2.56018
         1        1.5        330        395     0.980031      2.24789     -2.24789
         1        1.5        395        468     0.981278      1.98812     -1.98812
         1        1.5        468        548      0.98245      1.77115     -1.77115
         1        1.5        548        638     0.983555       1.5875      -1.5875
         1        1.5        638        737     0.984601      1.43002     -1.43002
         1        1.5        737        846     0.985584      1.29513     -1.29513
         1        1.5        846        967     0.986513      1.17798     -1.17798
         1        1.5        967       1101     0.987394       1.0751      -1.0751
         1        1.5       1101       1248     0.988225     0.984588    -0.984588
         1        1.5       1248       1410     0.989006     0.904446    -0.904446
         1        1.5       1410       1588     0.989742      0.83277     -0.83277
         1        1.5       1588       1784     0.990434     0.768074    -0.768074
         1        1.5       1784       2000     0.991084     0.708989    -0.708989
         1        1.5       2000       2238     0.991694     0.654418    -0.654418
         1        1.5       2238       2500     0.992264     0.603441    -0.603441
         1        1.5       2500       2787     0.992793     0.555338    -0.555338
         1        1.5       2787       3103     0.993282     0.509317    -0.509317
       1.5          2         56         74            1            0           -0
       1.5          2         74         97     0.974092      4.91299     -4.91299
       1.5          2         97        133     0.973688      4.43823     -4.43823
       1.5          2        133        174     0.974763      3.90601     -3.90601
       1.5          2        174        220      0.97656       3.4275      -3.4275
       1.5          2        220        272     0.978608      3.00644     -3.00644
       1.5          2        272        330     0.980671       2.6412      -2.6412
       1.5          2        330        395     0.982613      2.32989     -2.32989
       1.5          2        395        468     0.984368      2.06836     -2.06836
       1.5          2        468        548      0.98587      1.85651     -1.85651
       1.5          2        548        638     0.987092      1.69141     -1.69141
       1.5          2        638        737     0.988016       1.5707      -1.5707
       1.5          2        737        846     0.988621      1.49385     -1.49385
       1.5          2        846        967     0.988902      1.45877     -1.45877
       1.5          2        967       1101     0.988849      1.46461     -1.46461
       1.5          2       1101       1248     0.988456      1.51078     -1.51078
       1.5          2       1248       1410     0.987719      1.59644     -1.59644
       1.5          2       1410       1588     0.986636      1.72116     -1.72116
       1.5          2       1588       1784     0.985205      1.88466     -1.88466
       1.5          2       1784       2000     0.983418      2.08723     -2.08723
       1.5          2       2000       2238      0.98127      2.32924     -2.32924
         2        2.5         56         74            1            0           -0
         2        2.5         74         97     0.971676      5.61407     -5.61407
         2        2.5         97        133     0.972016      4.83659     -4.83659
         2        2.5        133        174     0.974003       4.1153      -4.1153
         2        2.5        174        220     0.976571      3.54401     -3.54401
         2        2.5        220        272     0.979184      3.08061     -3.08061
         2        2.5        272        330     0.981585       2.6992      -2.6992
         2        2.5        330        395     0.983636      2.38388     -2.38388
         2        2.5        395        468     0.985269      2.12173     -2.12173
         2        2.5        468        548     0.986425      1.90692     -1.90692
         2        2.5        548        638     0.987082      1.73258     -1.73258
         2        2.5        638        737     0.987226      1.59349     -1.59349
         2        2.5        737        846     0.986848      1.48723     -1.48723
         2        2.5        846        967     0.985942      1.41005     -1.41005
         2        2.5        967       1101     0.984499      1.35959     -1.35959
         2        2.5       1101       1248     0.982521      1.33441     -1.33441
         2        2.5       1248       1410     0.980011      1.33296     -1.33296
         2        2.5       1410       1588     0.976966      1.35395     -1.35395
         2        2.5       1588       1784     0.973387      1.39639     -1.39639
         2        2.5       1784       2000     0.969264      1.45963     -1.45963
